++++++++++++++++++++++++++++++++++++++++++++++++++++++++++++++++++++++++++++++++++++++++++++  
                precision    recall  f1-score   support

     Bittorent     0.9980    0.9968    0.9974      9166
     ChromeRDP     0.9822    0.9833    0.9828      7445
       Discord     0.9920    0.9905    0.9912      6610
      EAOrigin     0.9943    0.9939    0.9941     20479
MicrosoftTeams     0.9871    0.9924    0.9898      5026
         Slack     0.9919    0.9894    0.9907     11575
         Steam     0.9984    0.9977    0.9981     20462
    Teamviewer     0.9915    0.9909    0.9912      7223
         Webex     0.9853    0.9893    0.9873     10335
          Zoom     0.9923    0.9925    0.9924      6358

      accuracy                         0.9926    104679
     macro avg     0.9913    0.9917    0.9915    104679
  weighted avg     0.9926    0.9926    0.9926    104679
++++++++++++++++++++++++++++++++++++++++++++++++++++++++++++++++++++++++++++++++++++++++++++  
                precision    recall  f1-score   support

     Bittorent     0.9980    0.9968    0.9974      9166
     ChromeRDP     0.9822    0.9833    0.9828      7445
       Discord     0.9920    0.9905    0.9912      6610
      EAOrigin     0.9943    0.9939    0.9941     20479
MicrosoftTeams     0.9871    0.9924    0.9898      5026
         Slack     0.9919    0.9894    0.9907     11575
         Steam     0.9984    0.9977    0.9981     20462
    Teamviewer     0.9915    0.9909    0.9912      7223
         Webex     0.9853    0.9893    0.9873     10335
          Zoom     0.9923    0.9925    0.9924      6358

      accuracy                         0.9926    104679
     macro avg     0.9913    0.9917    0.9915    104679
  weighted avg     0.9926    0.9926    0.9926    104679
